
0     4        (object header)                           05 00 00 00 (00000101 00000000 00000000 00000000) (5)
4     4        (object header)                           00 00 00 00 (00000000 00000000 00000000 00000000) (0)

# 上面3个是mark word
0     4        (object header)                           05 00 00 00 (00000101 00000000 00000000 00000000) (5)

# 第一句反转  最右边是
# 最右边2位 默认是unlocked
# 右边向左  第3位是默认开启偏向锁(1:开启偏向锁  0:关闭偏向锁)
00000000 00000000 00000000 00000101


0     4        (object header)                           05 28 2b 03 (00000101 00101000 00101011 00000011) (53159941)
4     4        (object header)                           00 00 00 00 (00000000 00000000 00000000 00000000) (0)

# 被偏向锁锁定
00000101 00101000 00101011 00000011 反转  00000011 00101011 00101000 00000101